      0/49     1.56G   0.02854  0.009473   0.02998   0.06799        25       416     0.805    0.7759    0.8747    0.5937   0.03492  0.003083   0.01489
      1/49     5.46G   0.02624  0.008969   0.02843   0.06364        13       416    0.7492    0.8252    0.8675    0.5556   0.03634  0.003123   0.01512
      2/49     6.92G    0.0261  0.008916   0.02825   0.06326        19       416    0.7038    0.8287    0.8522    0.5061    0.0382  0.003191   0.01551
      3/49     6.92G   0.02803  0.008917   0.02794   0.06488        20       416    0.6997     0.841    0.8477    0.4981   0.03886  0.003209   0.01555
      4/49     6.92G   0.02321  0.008942   0.02513   0.05728        22       416    0.7108    0.8077    0.8413    0.5042   0.03839  0.003219   0.01566
      5/49     6.92G   0.02191  0.008655    0.0256   0.05617        11       416    0.6787    0.8299     0.849    0.4965   0.04033  0.003227   0.01578
      6/49     6.92G   0.02539  0.008758   0.02593   0.06007        15       416    0.7428    0.7763     0.844     0.482   0.04083   0.00325   0.01607
      7/49     6.92G   0.02628    0.0086   0.02705   0.06193        13       416     0.764    0.7925    0.8572    0.4609   0.04169  0.003304   0.01586
      8/49     6.92G   0.02419  0.008489   0.02529   0.05797        17       416    0.6976    0.8348    0.8444    0.4622   0.04068  0.003253   0.01634
      9/49     6.92G   0.02374   0.00862   0.02491   0.05727        18       416    0.7733    0.7847     0.857    0.4957   0.04111  0.003282   0.01665
     10/49     6.92G   0.02533  0.008387   0.02534   0.05905        13       416    0.6946    0.8132    0.8462     0.513   0.04146  0.003416   0.01701
     11/49     6.92G   0.02294  0.008576   0.02354   0.05506        25       416    0.7429    0.7203     0.809    0.4415   0.04173  0.003377   0.01712
     12/49     6.92G   0.02513  0.008472   0.02509    0.0587        25       416    0.7359    0.7896    0.8371     0.486   0.04005   0.00331   0.01616
     13/49     6.92G    0.0246  0.008323   0.02427    0.0572        14       416    0.7176     0.806    0.8461    0.4896   0.04075  0.003319   0.01669
     14/49     6.92G   0.02391  0.008394   0.02401   0.05631        18       416    0.7516    0.7804    0.8443    0.4761   0.04187  0.003318   0.01644
     15/49     6.92G   0.02534  0.008695   0.02486   0.05889        23       416    0.7686    0.7464    0.8391    0.4533    0.0425  0.003235   0.01646
     16/49     6.92G   0.02534  0.008595    0.0245   0.05843        24       416    0.8024     0.768    0.8708    0.4647   0.04114  0.003291   0.01671
     17/49     6.92G   0.02398  0.008354   0.02342   0.05575        31       416    0.7387    0.7895    0.8412    0.4704   0.04079  0.003359   0.01682
     18/49     6.92G    0.0232   0.00827    0.0229   0.05437        18       416    0.7302    0.8212    0.8671    0.4918    0.0412  0.003295   0.01602
     19/49     6.92G   0.02371  0.008279   0.02339   0.05538        18       416    0.7583    0.7891    0.8536    0.4781   0.04098  0.003309   0.01631
     20/49     6.92G   0.02313  0.008081   0.02342   0.05463        16       416    0.7377    0.8507    0.8715    0.5157   0.03913   0.00329   0.01583
     21/49     6.92G   0.02418  0.008391   0.02385   0.05642        20       416     0.779    0.7816    0.8588     0.465   0.04148  0.003382   0.01596
     22/49     6.92G    0.0231  0.008168   0.02276   0.05403        14       416    0.7878    0.7879    0.8573    0.4868   0.04027  0.003363    0.0163
     23/49     6.92G   0.02263   0.00805   0.02273   0.05342        16       416    0.7848    0.7863    0.8735    0.5004   0.04072  0.003359   0.01603
     24/49     6.92G   0.02463  0.008372   0.02368   0.05668        25       416    0.8248    0.7912    0.8734    0.4933   0.04016  0.003314   0.01553
     25/49     6.92G   0.02175  0.008154   0.02164   0.05154        17       416    0.8249    0.7646    0.8688    0.4869    0.0413  0.003324   0.01586
     26/49     6.92G   0.02342  0.008005   0.02393   0.05535        19       416    0.7825     0.811    0.8742    0.4959   0.04079  0.003353   0.01583
     27/49     6.92G    0.0224  0.008118   0.02198    0.0525        31       416    0.7923    0.8083    0.8814    0.4891   0.04144  0.003316   0.01606
     28/49     6.92G   0.02234  0.007985   0.02198    0.0523        17       416    0.7997     0.783    0.8664    0.5091   0.04015  0.003261   0.01574
     29/49     6.92G   0.02188  0.007982   0.02113   0.05099        28       416    0.7747     0.809    0.8769    0.5336   0.04001  0.003236   0.01599
     30/49     6.92G    0.0223  0.007853   0.02261   0.05277        28       416    0.8199     0.766    0.8709     0.513   0.03994  0.003284   0.01603
     31/49     6.92G   0.02159  0.007979   0.02099   0.05056        16       416    0.7638    0.8267    0.8763    0.4948     0.041  0.003277   0.01553
     32/49     6.92G   0.02169  0.007854   0.02107   0.05061        12       416    0.7786    0.8102    0.8849    0.5005   0.04078  0.003246   0.01538
     33/49     6.92G   0.02165  0.007905   0.02122   0.05078        18       416    0.7927    0.8124    0.8882     0.525   0.04017  0.003291   0.01526
     34/49     6.92G   0.02028  0.007869   0.01978   0.04793        21       416    0.8142    0.7995    0.8927    0.5227   0.04041  0.003302    0.0149
     35/49     6.92G   0.02023  0.007833   0.01983   0.04789        19       416    0.8068    0.8286    0.8922    0.4998   0.04176  0.003281   0.01522
     36/49     6.92G    0.0241   0.00802   0.02136   0.05349        23       416    0.7521    0.8249    0.8791    0.4846   0.04139  0.003271   0.01517
     37/49     6.92G   0.02125  0.007689   0.02058   0.04952        19       416    0.8322    0.7666    0.8873    0.5017   0.04135  0.003264   0.01511
     38/49     6.92G   0.02343  0.007781    0.0214   0.05261        22       416     0.812    0.7951    0.8832    0.4857   0.04135  0.003311   0.01524
     39/49     6.92G   0.02124  0.007817   0.02063   0.04969        18       416    0.7639     0.832    0.9003    0.4891   0.04165   0.00328   0.01485
     40/49     6.92G   0.02082  0.007787   0.02053   0.04914        18       416    0.8342    0.7683     0.899    0.5182    0.0406  0.003273   0.01541
     41/49     6.92G     0.021  0.007802   0.02057   0.04937        19       416    0.8031    0.7959    0.8991     0.504    0.0413  0.003258   0.01502
     42/49     6.92G   0.02253  0.007644   0.02108   0.05125        22       416    0.8272    0.7749    0.8922    0.5275   0.04021  0.003314   0.01498
     43/49     6.92G   0.02151  0.007722   0.02059   0.04982        24       416    0.8403    0.7724    0.8894    0.5203   0.04035  0.003296   0.01479
     44/49     6.93G   0.02246  0.007577   0.02073   0.05076        18       416    0.8054    0.8034    0.8909    0.5022   0.04111  0.003267   0.01469
     45/49     6.93G   0.02158  0.007606   0.02014   0.04933        16       416    0.8138    0.8056    0.8938    0.4987   0.04134  0.003303   0.01477
     46/49     6.93G   0.02484  0.007506   0.02277   0.05512        21       416     0.814    0.8124    0.8966    0.5118   0.04052  0.003287   0.01477
     47/49     6.93G    0.0247  0.007662   0.02208   0.05445        26       416    0.8269    0.7939    0.8975    0.5232   0.04007  0.003284   0.01469
     48/49     6.93G   0.02209  0.007413   0.02119   0.05069        16       416    0.8293     0.797    0.8986    0.5132   0.04078  0.003284   0.01465
     49/49     6.93G   0.02354   0.00775   0.02208   0.05336        19       416    0.8239     0.798    0.8981    0.5167   0.04027  0.003288   0.01463
